SMOTE

2 40 0.6647368421052632
3 40 0.7052631578947368
4 40 0.7626315789473684
5 40 0.8268421052631579
6 40 0.8600000000000001
7 40 0.8810526315789473
8 40 0.8905263157894736
9 40 0.8947368421052632
10 40 0.9
12 40 0.9031578947368422
14 40 0.8968421052631579
16 40 0.8973684210526316
18 40 0.8989473684210526




SMOTE + XGBClassifier from sklearn, n_estim = 40

6 40 0.9173684210526316
8 40 0.9294736842105263
12 40 0.9384210526315789
19 40 0.9378947368421053
20 40 0.9384210526315789
30 40 0.9394736842105263
50 40 0.9384210526315789

